[0.01] Position: [ 0.12433015, 3.1159396, 0.0 ]
[0.01] Velocidad: [ 12.420582, 11.484365, 0.0 ]
[0.01] Energia: 173.62009
------------------------------------
[0.03] Position: [ 0.37261757, 3.344532, 0.0 ]
[0.03] Velocidad: [ 12.395753, 11.265487, 0.0 ]
[0.03] Energia: 173.0627
------------------------------------
[0.049999997] Position: [ 0.62040865, 3.568749, 0.0 ]
[0.049999997] Velocidad: [ 12.370974, 11.047045, 0.0 ]
[0.049999997] Energia: 172.51642
------------------------------------
[0.06999999] Position: [ 0.8677044, 3.7885993, 0.0 ]
[0.06999999] Velocidad: [ 12.346244, 10.82904, 0.0 ]
[0.06999999] Energia: 171.98099
------------------------------------
[0.07999999] Position: [ 0.99116683, 3.8968897, 0.0 ]
[0.07999999] Velocidad: [ 12.333898, 10.720201, 0.0 ]
[0.07999999] Energia: 171.71729
------------------------------------
[0.09999999] Position: [ 1.2377214, 4.1102066, 0.0 ]
[0.09999999] Velocidad: [ 12.309242, 10.502849, 0.0 ]
[0.09999999] Energia: 171.19777
------------------------------------
[0.11999998] Position: [ 1.4837832, 4.3191786, 0.0 ]
[0.11999998] Velocidad: [ 12.2846365, 10.285932, 0.0 ]
[0.11999998] Energia: 170.6886
------------------------------------
[0.13999999] Position: [ 1.7293532, 4.523814, 0.0 ]
[0.13999999] Velocidad: [ 12.26008, 10.0694475, 0.0 ]
[0.13999999] Energia: 170.18958
------------------------------------
[0.16] Position: [ 1.9744322, 4.7241225, 0.0 ]
[0.16] Velocidad: [ 12.235572, 9.853396, 0.0 ]
[0.16] Energia: 169.70044
------------------------------------
[0.18] Position: [ 2.2190213, 4.920112, 0.0 ]
[0.18] Velocidad: [ 12.211113, 9.637777, 0.0 ]
[0.18] Energia: 169.22104
------------------------------------
[0.20000002] Position: [ 2.4631214, 5.111791, 0.0 ]
[0.20000002] Velocidad: [ 12.186704, 9.422589, 0.0 ]
[0.20000002] Energia: 168.75113
------------------------------------
[0.23000003] Position: [ 2.828357, 5.391247, 0.0 ]
[0.23000003] Velocidad: [ 12.15018, 9.100614, 0.0 ]
[0.23000003] Energia: 168.06363
------------------------------------
[0.25000003] Position: [ 3.071239, 5.572188, 0.0 ]
[0.25000003] Velocidad: [ 12.125892, 8.886499, 0.0 ]
[0.25000003] Energia: 167.61656
------------------------------------
[0.27] Position: [ 3.3136356, 5.748849, 0.0 ]
[0.27] Velocidad: [ 12.101652, 8.672813, 0.0 ]
[0.27] Energia: 167.1783
------------------------------------
[0.29] Position: [ 3.5555475, 5.9212384, 0.0 ]
[0.29] Velocidad: [ 12.07746, 8.459555, 0.0 ]
[0.29] Energia: 166.74861
------------------------------------
[0.30999997] Position: [ 3.7969759, 6.089365, 0.0 ]
[0.30999997] Velocidad: [ 12.053318, 8.246722, 0.0 ]
[0.30999997] Energia: 166.3273
------------------------------------
[0.32999995] Position: [ 4.037922, 6.253237, 0.0 ]
[0.32999995] Velocidad: [ 12.029223, 8.034315, 0.0 ]
[0.32999995] Energia: 165.91418
------------------------------------
[0.34999993] Position: [ 4.278386, 6.412863, 0.0 ]
[0.34999993] Velocidad: [ 12.005177, 7.8223324, 0.0 ]
[0.34999993] Energia: 165.50905
------------------------------------
[0.36999992] Position: [ 4.5183697, 6.568251, 0.0 ]
[0.36999992] Velocidad: [ 11.981178, 7.6107736, 0.0 ]
[0.36999992] Energia: 165.1117
------------------------------------
[0.3899999] Position: [ 4.7578735, 6.71941, 0.0 ]
[0.3899999] Velocidad: [ 11.957228, 7.3996377, 0.0 ]
[0.3899999] Energia: 164.7219
------------------------------------
[0.41999987] Position: [ 5.1162314, 6.938238, 0.0 ]
[0.41999987] Velocidad: [ 11.9213915, 7.083725, 0.0 ]
[0.41999987] Energia: 164.15103
------------------------------------
[0.43999985] Position: [ 5.3545403, 7.078861, 0.0 ]
[0.43999985] Velocidad: [ 11.897561, 6.8736424, 0.0 ]
[0.43999985] Energia: 163.77937
------------------------------------
[0.45999983] Position: [ 5.5923724, 7.2152853, 0.0 ]
[0.45999983] Velocidad: [ 11.873778, 6.66398, 0.0 ]
[0.45999983] Energia: 163.41464
------------------------------------
[0.4799998] Position: [ 5.829729, 7.3475184, 0.0 ]
[0.4799998] Velocidad: [ 11.850042, 6.4547367, 0.0 ]
[0.4799998] Energia: 163.05658
------------------------------------
[0.4999998] Position: [ 6.0666113, 7.475569, 0.0 ]
[0.4999998] Velocidad: [ 11.826354, 6.245912, 0.0 ]
[0.4999998] Energia: 162.70508
------------------------------------
[0.5199998] Position: [ 6.3030205, 7.5994444, 0.0 ]
[0.5199998] Velocidad: [ 11.802713, 6.0375047, 0.0 ]
[0.5199998] Energia: 162.35991
------------------------------------
[0.5399998] Position: [ 6.5389566, 7.7191544, 0.0 ]
[0.5399998] Velocidad: [ 11.7791195, 5.829514, 0.0 ]
[0.5399998] Energia: 162.02086
------------------------------------
[0.55999976] Position: [ 6.774421, 7.8347063, 0.0 ]
[0.55999976] Velocidad: [ 11.755573, 5.621939, 0.0 ]
[0.55999976] Energia: 161.6878
------------------------------------
[0.57999974] Position: [ 7.009415, 7.946109, 0.0 ]
[0.57999974] Velocidad: [ 11.732074, 5.4147787, 0.0 ]
[0.57999974] Energia: 161.36049
------------------------------------
[0.5999997] Position: [ 7.243939, 8.05337, 0.0 ]
[0.5999997] Velocidad: [ 11.708621, 5.2080326, 0.0 ]
[0.5999997] Energia: 161.03879
------------------------------------
[0.6299997] Position: [ 7.5948467, 8.206516, 0.0 ]
[0.6299997] Velocidad: [ 11.673531, 4.8986883, 0.0 ]
[0.6299997] Energia: 160.5663
------------------------------------
[0.6499997] Position: [ 7.828201, 8.30346, 0.0 ]
[0.6499997] Velocidad: [ 11.650195, 4.692974, 0.0 ]
[0.6499997] Energia: 160.25774
------------------------------------
[0.66999966] Position: [ 8.061088, 8.396292, 0.0 ]
[0.66999966] Velocidad: [ 11.626906, 4.487671, 0.0 ]
[0.66999966] Energia: 159.95413
------------------------------------
[0.68999964] Position: [ 8.2935095, 8.485021, 0.0 ]
[0.68999964] Velocidad: [ 11.603663, 4.2827783, 0.0 ]
[0.68999964] Energia: 159.65527
------------------------------------
[0.7099996] Position: [ 8.525467, 8.5696535, 0.0 ]
[0.7099996] Velocidad: [ 11.580468, 4.078295, 0.0 ]
[0.7099996] Energia: 159.36104
------------------------------------
[0.7199996] Position: [ 8.641272, 8.610436, 0.0 ]
[0.7199996] Velocidad: [ 11.568888, 3.976207, 0.0 ]
[0.7199996] Energia: 159.21558
------------------------------------
[0.7399996] Position: [ 8.872534, 8.688941, 0.0 ]
[0.7399996] Velocidad: [ 11.545761, 3.7723367, 0.0 ]
[0.7399996] Energia: 158.92789
------------------------------------
[0.7599996] Position: [ 9.103333, 8.7633705, 0.0 ]
[0.7599996] Velocidad: [ 11.52268, 3.568874, 0.0 ]
[0.7599996] Energia: 158.6443
------------------------------------
[0.77999955] Position: [ 9.333672, 8.833732, 0.0 ]
[0.77999955] Velocidad: [ 11.499647, 3.3658175, 0.0 ]
[0.77999955] Energia: 158.36472
------------------------------------
[0.79999954] Position: [ 9.56355, 8.900034, 0.0 ]
[0.79999954] Velocidad: [ 11.47666, 3.1631672, 0.0 ]
[0.79999954] Energia: 158.0889
------------------------------------
[0.8199995] Position: [ 9.792968, 8.962285, 0.0 ]
[0.8199995] Velocidad: [ 11.453718, 2.960922, 0.0 ]
[0.8199995] Energia: 157.81671
------------------------------------
[0.8399995] Position: [ 10.021928, 9.020494, 0.0 ]
[0.8399995] Velocidad: [ 11.430822, 2.7590811, 0.0 ]
[0.8399995] Energia: 157.54797
------------------------------------
[0.8599995] Position: [ 10.25043, 9.074668, 0.0 ]
[0.8599995] Velocidad: [ 11.407972, 2.557644, 0.0 ]
[0.8599995] Energia: 157.2825
------------------------------------
[0.86999947] Position: [ 10.36451, 9.1002445, 0.0 ]
[0.86999947] Velocidad: [ 11.3965645, 2.4570763, 0.0 ]
[0.86999947] Energia: 157.15096
------------------------------------
[0.88999945] Position: [ 10.592327, 9.148381, 0.0 ]
[0.88999945] Velocidad: [ 11.373783, 2.2562428, 0.0 ]
[0.88999945] Energia: 156.89008
------------------------------------
[0.90999943] Position: [ 10.819689, 9.192503, 0.0 ]
[0.90999943] Velocidad: [ 11.3510475, 2.0558105, 0.0 ]
[0.90999943] Energia: 156.63203
------------------------------------
[0.9299994] Position: [ 11.046596, 9.232618, 0.0 ]
[0.9299994] Velocidad: [ 11.328357, 1.8557789, 0.0 ]
[0.9299994] Energia: 156.37668
------------------------------------
[0.9499994] Position: [ 11.273049, 9.268735, 0.0 ]
[0.9499994] Velocidad: [ 11.305711, 1.6561472, 0.0 ]
[0.9499994] Energia: 156.12383
------------------------------------
[0.97999936] Position: [ 11.611881, 9.315431, 0.0 ]
[0.97999936] Velocidad: [ 11.271828, 1.3574477, 0.0 ]
[0.97999936] Energia: 155.7489
------------------------------------
[0.99999934] Position: [ 11.837205, 9.341586, 0.0 ]
[0.99999934] Velocidad: [ 11.249295, 1.1588122, 0.0 ]
[0.99999934] Energia: 155.50163
------------------------------------
[1.0199994] Position: [ 12.0620775, 9.3637705, 0.0 ]
[1.0199994] Velocidad: [ 11.226808, 0.96057373, 0.0 ]
[1.0199994] Energia: 155.25627
------------------------------------
[1.0399994] Position: [ 12.286502, 9.381992, 0.0 ]
[1.0399994] Velocidad: [ 11.204366, 0.76273155, 0.0 ]
[1.0399994] Energia: 155.0127
------------------------------------
[1.0599993] Position: [ 12.510477, 9.396259, 0.0 ]
[1.0599993] Velocidad: [ 11.181968, 0.5652849, 0.0 ]
[1.0599993] Energia: 154.7707
------------------------------------
[1.0899993] Position: [ 12.8456, 9.410261, 0.0 ]
[1.0899993] Velocidad: [ 11.148456, 0.26985472, 0.0 ]
[1.0899993] Energia: 154.4104
------------------------------------
[1.1099993] Position: [ 13.068458, 9.414676, 0.0 ]
[1.1099993] Velocidad: [ 11.12617, 0.07339331, 0.0 ]
[1.1099993] Energia: 154.17175
------------------------------------
[1.1199993] Position: [ 13.179719, 9.41541, 0.0 ]
[1.1199993] Velocidad: [ 11.115044, -0.024690084, 0.0 ]
[1.1199993] Energia: 154.05284
------------------------------------
[1.1399993] Position: [ 13.401909, 9.413937, 0.0 ]
[1.1399993] Velocidad: [ 11.092825, -0.22056271, 0.0 ]
[1.1399993] Energia: 153.8157
------------------------------------
[1.1599993] Position: [ 13.623654, 9.408547, 0.0 ]
[1.1599993] Velocidad: [ 11.07065, -0.41604376, 0.0 ]
[1.1599993] Energia: 153.57938
------------------------------------
[1.1799992] Position: [ 13.844956, 9.39925, 0.0 ]
[1.1799992] Velocidad: [ 11.04852, -0.61113405, 0.0 ]
[1.1799992] Energia: 153.34369
------------------------------------
[1.1999992] Position: [ 14.065816, 9.386053, 0.0 ]
[1.1999992] Velocidad: [ 11.026434, -0.8058344, 0.0 ]
[1.1999992] Energia: 153.1085
------------------------------------
[1.2199992] Position: [ 14.286235, 9.368964, 0.0 ]
[1.2199992] Velocidad: [ 11.004393, -1.0001456, 0.0 ]
[1.2199992] Energia: 152.87369
------------------------------------
[1.2399992] Position: [ 14.506212, 9.347991, 0.0 ]
[1.2399992] Velocidad: [ 10.982395, -1.1940683, 0.0 ]
[1.2399992] Energia: 152.63905
------------------------------------
[1.2599992] Position: [ 14.725751, 9.323141, 0.0 ]
[1.2599992] Velocidad: [ 10.960442, -1.3876034, 0.0 ]
[1.2599992] Energia: 152.40448
------------------------------------
[1.2799991] Position: [ 14.944851, 9.294423, 0.0 ]
[1.2799991] Velocidad: [ 10.938532, -1.5807515, 0.0 ]
[1.2799991] Energia: 152.16975
------------------------------------
[1.2999991] Position: [ 15.163512, 9.261844, 0.0 ]
[1.2999991] Velocidad: [ 10.916666, -1.7735136, 0.0 ]
[1.2999991] Energia: 151.9348
------------------------------------
[1.3199991] Position: [ 15.381737, 9.22541, 0.0 ]
[1.3199991] Velocidad: [ 10.894843, -1.9658903, 0.0 ]
[1.3199991] Energia: 151.6994
------------------------------------
[1.3399991] Position: [ 15.5995245, 9.185132, 0.0 ]
[1.3399991] Velocidad: [ 10.873064, -2.1578825, 0.0 ]
[1.3399991] Energia: 151.46347
------------------------------------
[1.3499991] Position: [ 15.708255, 9.163553, 0.0 ]
[1.3499991] Velocidad: [ 10.862191, -2.2537346, 0.0 ]
[1.3499991] Energia: 151.34525
------------------------------------
[1.369999] Position: [ 15.925389, 9.117521, 0.0 ]
[1.369999] Velocidad: [ 10.840478, -2.4451513, 0.0 ]
[1.369999] Energia: 151.10818
------------------------------------
[1.389999] Position: [ 16.14209, 9.067663, 0.0 ]
[1.389999] Velocidad: [ 10.818808, -2.6361854, 0.0 ]
[1.389999] Energia: 150.8702
------------------------------------
[1.409999] Position: [ 16.358358, 9.013987, 0.0 ]
[1.409999] Velocidad: [ 10.797181, -2.8268378, 0.0 ]
[1.409999] Energia: 150.63113
------------------------------------
[1.419999] Position: [ 16.46633, 8.985718, 0.0 ]
[1.419999] Velocidad: [ 10.786384, -2.922021, 0.0 ]
[1.419999] Energia: 150.51115
------------------------------------
[1.449999] Position: [ 16.789598, 8.895205, 0.0 ]
[1.449999] Velocidad: [ 10.754057, -3.2069998, 0.0 ]
[1.449999] Energia: 150.1492
------------------------------------
[1.469999] Position: [ 17.004572, 8.830116, 0.0 ]
[1.469999] Velocidad: [ 10.73256, -3.396511, 0.0 ]
[1.469999] Energia: 149.90604
------------------------------------
[1.4899989] Position: [ 17.219116, 8.76124, 0.0 ]
[1.4899989] Velocidad: [ 10.711105, -3.5856435, 0.0 ]
[1.4899989] Energia: 149.66122
------------------------------------
[1.5099989] Position: [ 17.433231, 8.688583, 0.0 ]
[1.5099989] Velocidad: [ 10.689694, -3.7743976, 0.0 ]
[1.5099989] Energia: 149.41461
------------------------------------
[1.5299989] Position: [ 17.64692, 8.612153, 0.0 ]
[1.5299989] Velocidad: [ 10.668325, -3.9627745, 0.0 ]
[1.5299989] Energia: 149.16608
------------------------------------
[1.5399989] Position: [ 17.753603, 8.572525, 0.0 ]
[1.5399989] Velocidad: [ 10.657657, -4.056822, 0.0 ]
[1.5399989] Energia: 149.04105
------------------------------------
[1.5599989] Position: [ 17.96665, 8.490449, 0.0 ]
[1.5599989] Velocidad: [ 10.636353, -4.244634, 0.0 ]
[1.5599989] Energia: 148.78934
------------------------------------
[1.5799989] Position: [ 18.17927, 8.404619, 0.0 ]
[1.5799989] Velocidad: [ 10.61509, -4.432071, 0.0 ]
[1.5799989] Energia: 148.53537
------------------------------------
[1.5999988] Position: [ 18.391466, 8.315042, 0.0 ]
[1.5999988] Velocidad: [ 10.59387, -4.6191335, 0.0 ]
[1.5999988] Energia: 148.27896
------------------------------------
[1.6199988] Position: [ 18.603237, 8.221725, 0.0 ]
[1.6199988] Velocidad: [ 10.572694, -4.805822, 0.0 ]
[1.6199988] Energia: 148.02002
------------------------------------
[1.6399988] Position: [ 18.814585, 8.124677, 0.0 ]
[1.6399988] Velocidad: [ 10.551559, -4.992137, 0.0 ]
[1.6399988] Energia: 147.75838
------------------------------------
[1.6599988] Position: [ 19.02551, 8.023904, 0.0 ]
[1.6599988] Velocidad: [ 10.530467, -5.17808, 0.0 ]
[1.6599988] Energia: 147.49391
------------------------------------
[1.6899987] Position: [ 19.34111, 7.8657775, 0.0 ]
[1.6899987] Velocidad: [ 10.498907, -5.4562974, 0.0 ]
[1.6899987] Energia: 147.0916
------------------------------------
[1.7099987] Position: [ 19.550983, 7.755726, 0.0 ]
[1.7099987] Velocidad: [ 10.47792, -5.641312, 0.0 ]
[1.7099987] Energia: 146.81947
------------------------------------
[1.7299987] Position: [ 19.760437, 7.641976, 0.0 ]
[1.7299987] Velocidad: [ 10.456974, -5.825957, 0.0 ]
[1.7299987] Energia: 146.54404
------------------------------------
[1.7499987] Position: [ 19.969473, 7.524535, 0.0 ]
[1.7499987] Velocidad: [ 10.43607, -6.010233, 0.0 ]
[1.7499987] Energia: 146.2652
------------------------------------
[1.7699987] Position: [ 20.17809, 7.4034104, 0.0 ]
[1.7699987] Velocidad: [ 10.415209, -6.1941404, 0.0 ]
[1.7699987] Energia: 145.98279
------------------------------------
[1.7899987] Position: [ 20.38629, 7.2786093, 0.0 ]
[1.7899987] Velocidad: [ 10.394389, -6.3776803, 0.0 ]
[1.7899987] Energia: 145.69672
------------------------------------
[1.8099986] Position: [ 20.594074, 7.1501393, 0.0 ]
[1.8099986] Velocidad: [ 10.373611, -6.5608535, 0.0 ]
[1.8099986] Energia: 145.40681
------------------------------------
[1.8299986] Position: [ 20.801443, 7.0180078, 0.0 ]
[1.8299986] Velocidad: [ 10.352874, -6.7436604, 0.0 ]
[1.8299986] Energia: 145.11298
------------------------------------
[1.8499986] Position: [ 21.008398, 6.8822217, 0.0 ]
[1.8499986] Velocidad: [ 10.332178, -6.9261017, 0.0 ]
[1.8499986] Energia: 144.81505
------------------------------------
[1.8699986] Position: [ 21.214937, 6.742789, 0.0 ]
[1.8699986] Velocidad: [ 10.311524, -7.1081786, 0.0 ]
[1.8699986] Energia: 144.51294
------------------------------------
[1.8899986] Position: [ 21.421064, 6.599716, 0.0 ]
[1.8899986] Velocidad: [ 10.290912, -7.2898912, 0.0 ]
[1.8899986] Energia: 144.20651
------------------------------------
[1.9099985] Position: [ 21.62678, 6.453011, 0.0 ]
[1.9099985] Velocidad: [ 10.27034, -7.471241, 0.0 ]
[1.9099985] Energia: 143.89561
------------------------------------
[1.9299985] Position: [ 21.832083, 6.302681, 0.0 ]
[1.9299985] Velocidad: [ 10.24981, -7.6522284, 0.0 ]
[1.9299985] Energia: 143.58017
------------------------------------
[1.9499985] Position: [ 22.036978, 6.1487327, 0.0 ]
[1.9499985] Velocidad: [ 10.229321, -7.8328533, 0.0 ]
[1.9499985] Energia: 143.26001
------------------------------------
[1.9699985] Position: [ 22.24146, 5.9911737, 0.0 ]
[1.9699985] Velocidad: [ 10.208873, -8.013118, 0.0 ]
[1.9699985] Energia: 142.93506
------------------------------------
[1.9899985] Position: [ 22.445536, 5.8300114, 0.0 ]
[1.9899985] Velocidad: [ 10.188465, -8.193022, 0.0 ]
[1.9899985] Energia: 142.60513
------------------------------------
[2.0099986] Position: [ 22.649202, 5.6652527, 0.0 ]
[2.0099986] Velocidad: [ 10.168098, -8.372566, 0.0 ]
[2.0099986] Energia: 142.27019
------------------------------------
[2.0399985] Position: [ 22.953941, 5.411388, 0.0 ]
[2.0399985] Velocidad: [ 10.137625, -8.641211, 0.0 ]
[2.0399985] Energia: 141.758
------------------------------------
[2.0699985] Position: [ 23.257765, 5.1494713, 0.0 ]
[2.0699985] Velocidad: [ 10.107243, -8.909049, 0.0 ]
[2.0699985] Energia: 141.23372
------------------------------------
[2.0899985] Position: [ 23.459808, 4.9703994, 0.0 ]
[2.0899985] Velocidad: [ 10.087038, -9.087162, 0.0 ]
[2.0899985] Energia: 140.87732
------------------------------------
[2.1099985] Position: [ 23.661448, 4.787767, 0.0 ]
[2.1099985] Velocidad: [ 10.0668745, -9.264918, 0.0 ]
[2.1099985] Energia: 140.51526
------------------------------------
[2.1299984] Position: [ 23.862684, 4.601581, 0.0 ]
[2.1299984] Velocidad: [ 10.046751, -9.44232, 0.0 ]
[2.1299984] Energia: 140.1474
------------------------------------
[2.1599984] Position: [ 24.163786, 4.315655, 0.0 ]
[2.1599984] Velocidad: [ 10.016641, -9.707757, 0.0 ]
[2.1599984] Energia: 139.58455
------------------------------------
[2.1799984] Position: [ 24.36402, 4.1206174, 0.0 ]
[2.1799984] Velocidad: [ 9.996617, -9.884274, 0.0 ]
[2.1799984] Energia: 139.20178
------------------------------------
[2.1999984] Position: [ 24.563852, 3.9220507, 0.0 ]
[2.1999984] Velocidad: [ 9.976634, -10.060437, 0.0 ]
[2.1999984] Energia: 138.81284
------------------------------------
[2.2199984] Position: [ 24.763285, 3.7199626, 0.0 ]
[2.2199984] Velocidad: [ 9.956691, -10.236249, 0.0 ]
[2.2199984] Energia: 138.4176
------------------------------------
[2.2399983] Position: [ 24.96232, 3.51436, 0.0 ]
[2.2399983] Velocidad: [ 9.936788, -10.411708, 0.0 ]
[2.2399983] Energia: 138.01595
------------------------------------
[2.2599983] Position: [ 25.160955, 3.3052497, 0.0 ]
[2.2599983] Velocidad: [ 9.916924, -10.586817, 0.0 ]
[2.2599983] Energia: 137.6078
------------------------------------
[2.2799983] Position: [ 25.359194, 3.0926392, 0.0 ]
[2.2799983] Velocidad: [ 9.8971, -10.761576, 0.0 ]
[2.2799983] Energia: 137.19301
------------------------------------
[2.3099983] Position: [ 25.65581, 2.7671754, 0.0 ]
[2.3099983] Velocidad: [ 9.867439, -11.02306, 0.0 ]
[2.3099983] Energia: 136.55818
------------------------------------
[2.3399982] Position: [ 25.951536, 2.4338748, 0.0 ]
[2.3399982] Velocidad: [ 9.837867, -11.283759, 0.0 ]
[2.3399982] Energia: 135.90782
------------------------------------
[2.3599982] Position: [ 26.148195, 2.2073324, 0.0 ]
[2.3599982] Velocidad: [ 9.818201, -11.457125, 0.0 ]
[2.3599982] Energia: 135.46545
------------------------------------
[2.3799982] Position: [ 26.344461, 1.9773242, 0.0 ]
[2.3799982] Velocidad: [ 9.798574, -11.630144, 0.0 ]
[2.3799982] Energia: 135.01591
------------------------------------
[2.3899982] Position: [ 26.442448, 1.8610228, 0.0 ]
[2.3899982] Velocidad: [ 9.788775, -11.716524, 0.0 ]
[2.3899982] Energia: 134.7884
------------------------------------
[2.4099982] Position: [ 26.638124, 1.6258295, 0.0 ]
[2.4099982] Velocidad: [ 9.769208, -11.889025, 0.0 ]
[2.4099982] Energia: 134.32793
------------------------------------
[2.4299982] Position: [ 26.833412, 1.3871877, 0.0 ]
[2.4299982] Velocidad: [ 9.749679, -12.06118, 0.0 ]
[2.4299982] Energia: 133.85997
------------------------------------
[2.4499981] Position: [ 27.028307, 1.1451046, 0.0 ]
[2.4499981] Velocidad: [ 9.730189, -12.232992, 0.0 ]
[2.4499981] Energia: 133.38452
------------------------------------
[2.4699981] Position: [ 27.222813, 0.89958704, 0.0 ]
[2.4699981] Velocidad: [ 9.710738, -12.404461, 0.0 ]
[2.4699981] Energia: 132.9014
------------------------------------
[2.489998] Position: [ 27.41693, 0.6506418, 0.0 ]
[2.489998] Velocidad: [ 9.691327, -12.575586, 0.0 ]
[2.489998] Energia: 132.41054
------------------------------------
[2.509998] Position: [ 27.610659, 0.39827573, 0.0 ]
[2.509998] Velocidad: [ 9.671954, -12.746369, 0.0 ]
[2.509998] Energia: 131.9118
------------------------------------
[2.529998] Position: [ 27.804, 0.1424957, 0.0 ]
[2.529998] Velocidad: [ 9.652619, -12.916811, 0.0 ]
[2.529998] Energia: 131.40512
------------------------------------
[2.549998] Position: [ 27.996958, -0.11669144, 0.0 ]
[2.549998] Velocidad: [ 9.633324, -13.086912, 0.0 ]
[2.549998] Energia: 130.89041
------------------------------------
[2.569998] Position: [ 28.18606, -0.37456763, 0.0 ]
[2.569998] Velocidad: [ 8.933646, -12.328791, 0.0 ]
[2.569998] Energia: 112.23342
------------------------------------
[2.589998] Position: [ 28.361427, -0.6175619, 0.0 ]
[2.589998] Velocidad: [ 8.284787, -11.625731, 0.0 ]
[2.589998] Energia: 95.84494
------------------------------------
[2.609998] Position: [ 28.524057, -0.8467551, 0.0 ]
[2.609998] Velocidad: [ 7.683055, -10.973737, 0.0 ]
[2.609998] Energia: 81.42706
------------------------------------
[2.619998] Position: [ 28.600887, -0.9564924, 0.0 ]
[2.619998] Velocidad: [ 7.398782, -10.665718, 0.0 ]
[2.619998] Energia: 74.87517
------------------------------------
[2.639998] Position: [ 28.746126, -1.1668406, 0.0 ]
[2.639998] Velocidad: [ 6.8614006, -10.08345, 0.0 ]
[2.639998] Energia: 62.941193
------------------------------------
[2.659998] Position: [ 28.880814, -1.3657588, 0.0 ]
[2.659998] Velocidad: [ 6.36305, -9.543472, 0.0 ]
[2.659998] Energia: 52.39733
------------------------------------
[2.679998] Position: [ 29.00572, -1.5540771, 0.0 ]
[2.679998] Velocidad: [ 5.9008956, -9.042714, 0.0 ]
[2.679998] Energia: 43.064114
------------------------------------
[2.699998] Position: [ 29.121555, -1.7325658, 0.0 ]
[2.699998] Velocidad: [ 5.4723077, -8.578326, 0.0 ]
[2.699998] Energia: 34.786037
------------------------------------
[2.719998] Position: [ 29.228977, -1.9019384, 0.0 ]
[2.719998] Velocidad: [ 5.074848, -8.147668, 0.0 ]
[2.719998] Energia: 27.428385
------------------------------------
[2.7399979] Position: [ 29.328596, -2.0628572, 0.0 ]
[2.7399979] Velocidad: [ 4.706257, -7.7482886, 0.0 ]
[2.7399979] Energia: 20.874357
------------------------------------
[2.7599978] Position: [ 29.420979, -2.2159362, 0.0 ]
[2.7599978] Velocidad: [ 4.3644366, -7.3779163, 0.0 ]
[2.7599978] Energia: 15.022589
------------------------------------
[2.7899978] Position: [ 29.547127, -2.432089, 0.0 ]
[2.7899978] Velocidad: [ 3.897688, -6.87218, 0.0 ]
[2.7899978] Energia: 7.372507
------------------------------------
[2.8099978] Position: [ 29.623638, -2.56797, 0.0 ]
[2.8099978] Velocidad: [ 3.614595, -6.5654407, 0.0 ]
[2.8099978] Energia: 2.916481
------------------------------------
[2.8299978] Position: [ 29.694593, -2.6978297, 0.0 ]
[2.8299978] Velocidad: [ 3.3520634, -6.2809796, 0.0 ]
[2.8299978] Energia: -1.0979118
------------------------------------
[2.8499978] Position: [ 29.760393, -2.8221054, 0.0 ]
[2.8499978] Velocidad: [ 3.1085997, -6.0171795, 0.0 ]
[2.8499978] Energia: -4.724535
------------------------------------
[2.8799977] Position: [ 29.850243, -2.9989283, 0.0 ]
[2.8799977] Velocidad: [ 2.7761545, -5.6569653, 0.0 ]
[2.8799977] Energia: -9.538353
------------------------------------
[2.8999977] Position: [ 29.90474, -3.1109545, 0.0 ]
[2.8999977] Velocidad: [ 2.5745196, -5.438488, 0.0 ]
[2.8999977] Energia: -12.387812
------------------------------------
[2.9199977] Position: [ 29.955276, -3.2186923, 0.0 ]
[2.9199977] Velocidad: [ 2.3875296, -5.2358785, 0.0 ]
[2.9199977] Energia: -14.989042
------------------------------------
[2.9399977] Position: [ 30.002144, -3.3224528, 0.0 ]
[2.9399977] Velocidad: [ 2.2141209, -5.047985, 0.0 ]
[2.9399977] Energia: -17.371117
------------------------------------
[2.9599977] Position: [ 30.045607, -3.422525, 0.0 ]
[2.9599977] Velocidad: [ 2.053307, -4.8737383, 0.0 ]
[2.9599977] Energia: -19.55947
------------------------------------
[2.9799976] Position: [ 30.085913, -3.5191765, 0.0 ]
[2.9799976] Velocidad: [ 1.9041734, -4.712147, 0.0 ]
[2.9799976] Energia: -21.576344
------------------------------------
[2.9999976] Position: [ 30.123291, -3.612656, 0.0 ]
[2.9999976] Velocidad: [ 1.7658714, -4.562293, 0.0 ]
[2.9999976] Energia: -23.441235
------------------------------------
[3.0199976] Position: [ 30.157955, -3.703194, 0.0 ]
[3.0199976] Velocidad: [ 1.6376144, -4.4233227, 0.0 ]
[3.0199976] Energia: -25.171219
------------------------------------
[3.0399976] Position: [ 30.190102, -3.791004, 0.0 ]
[3.0399976] Velocidad: [ 1.5186728, -4.294446, 0.0 ]
[3.0399976] Energia: -26.781311
------------------------------------
[3.0599976] Position: [ 30.219913, -3.876284, 0.0 ]
[3.0599976] Velocidad: [ 1.4083701, -4.1749296, 0.0 ]
[3.0599976] Energia: -28.284683
------------------------------------
[3.0799975] Position: [ 30.24756, -3.9592178, 0.0 ]
[3.0799975] Velocidad: [ 1.3060788, -4.064094, 0.0 ]
[3.0799975] Energia: -29.69294
------------------------------------
[3.0999975] Position: [ 30.2732, -4.039976, 0.0 ]
[3.0999975] Velocidad: [ 1.2112169, -3.9613085, 0.0 ]
[3.0999975] Energia: -31.0163
------------------------------------
[3.1199975] Position: [ 30.296974, -4.1187167, 0.0 ]
[3.1199975] Velocidad: [ 1.123245, -3.8659883, 0.0 ]
[3.1199975] Energia: -32.26377
------------------------------------
[3.1399975] Position: [ 30.319023, -4.195586, 0.0 ]
[3.1399975] Velocidad: [ 1.0416626, -3.7775912, 0.0 ]
[3.1399975] Energia: -33.44331
------------------------------------
[3.1599975] Position: [ 30.33947, -4.2707205, 0.0 ]
[3.1599975] Velocidad: [ 0.96600556, -3.6956146, 0.0 ]
[3.1599975] Energia: -34.561966
------------------------------------
[3.1699975] Position: [ 30.34913, -4.307677, 0.0 ]
[3.1699975] Velocidad: [ 0.93026334, -3.6568868, 0.0 ]
[3.1699975] Energia: -35.100433
------------------------------------
[3.1899974] Position: [ 30.367392, -4.380441, 0.0 ]
[3.1899974] Velocidad: [ 0.8626974, -3.583677, 0.0 ]
[3.1899974] Energia: -36.139206
------------------------------------
[3.2099974] Position: [ 30.384327, -4.451769, 0.0 ]
[3.2099974] Velocidad: [ 0.8000389, -3.5157847, 0.0 ]
[3.2099974] Energia: -37.131386
------------------------------------
[3.2299974] Position: [ 30.400032, -4.521764, 0.0 ]
[3.2299974] Velocidad: [ 0.74193126, -3.4528234, 0.0 ]
[3.2299974] Energia: -38.08158
------------------------------------
[3.2499974] Position: [ 30.414597, -4.590523, 0.0 ]
[3.2499974] Velocidad: [ 0.6880441, -3.3944352, 0.0 ]
[3.2499974] Energia: -38.99391
------------------------------------
[3.2699974] Position: [ 30.428102, -4.6581354, 0.0 ]
[3.2699974] Velocidad: [ 0.63807076, -3.3402877, 0.0 ]
[3.2699974] Energia: -39.872055
------------------------------------
[3.2899973] Position: [ 30.440628, -4.724685, 0.0 ]
[3.2899973] Velocidad: [ 0.591727, -3.290073, 0.0 ]
[3.2899973] Energia: -40.719276
------------------------------------
[3.3099973] Position: [ 30.452244, -4.7902493, 0.0 ]
[3.3099973] Velocidad: [ 0.54874927, -3.2435052, 0.0 ]
[3.3099973] Energia: -41.53851
------------------------------------
[3.3199973] Position: [ 30.457731, -4.8226843, 0.0 ]
[3.3199973] Velocidad: [ 0.52844554, -3.2215056, 0.0 ]
[3.3199973] Energia: -41.93845
------------------------------------
[3.3399973] Position: [ 30.468105, -4.886903, 0.0 ]
[3.3399973] Velocidad: [ 0.49006402, -3.179918, 0.0 ]
[3.3399973] Energia: -42.720512
------------------------------------
[3.3599973] Position: [ 30.477724, -4.950305, 0.0 ]
[3.3599973] Velocidad: [ 0.4544702, -3.1413512, 0.0 ]
[3.3599973] Energia: -43.48062
------------------------------------
[3.3799973] Position: [ 30.486647, -5.01295, 0.0 ]
[3.3799973] Velocidad: [ 0.42146155, -3.1055853, 0.0 ]
[3.3799973] Energia: -44.220776
------------------------------------
[3.4099972] Position: [ 30.498829, -5.1056166, 0.0 ]
[3.4099972] Velocidad: [ 0.37638894, -3.0567477, 0.0 ]
[3.4099972] Energia: -45.29746
------------------------------------
[3.4299972] Position: [ 30.506216, -5.1666007, 0.0 ]
[3.4299972] Velocidad: [ 0.34905145, -3.0271266, 0.0 ]
[3.4299972] Energia: -45.995186
------------------------------------
[3.4499972] Position: [ 30.513067, -5.227003, 0.0 ]
[3.4499972] Velocidad: [ 0.3236995, -2.999657, 0.0 ]
[3.4499972] Energia: -46.678493
------------------------------------
[3.4699972] Position: [ 30.51942, -5.286866, 0.0 ]
[3.4699972] Velocidad: [ 0.3001889, -2.9741824, 0.0 ]
[3.4699972] Energia: -47.348637
------------------------------------
[3.4899971] Position: [ 30.525314, -5.3462296, 0.0 ]
[3.4899971] Velocidad: [ 0.27838588, -2.9505582, 0.0 ]
[3.4899971] Energia: -48.00675
------------------------------------
[3.5099971] Position: [ 30.53078, -5.4051294, 0.0 ]
[3.5099971] Velocidad: [ 0.25816643, -2.92865, 0.0 ]
[3.5099971] Energia: -48.65385
------------------------------------
[3.529997] Position: [ 30.535849, -5.4635987, 0.0 ]
[3.529997] Velocidad: [ 0.23941556, -2.9083328, 0.0 ]
[3.529997] Energia: -49.29087
------------------------------------
[3.549997] Position: [ 30.540548, -5.5216694, 0.0 ]
[3.549997] Velocidad: [ 0.22202656, -2.8894913, 0.0 ]
[3.549997] Energia: -49.91865
------------------------------------
[3.569997] Position: [ 30.544907, -5.57937, 0.0 ]
[3.569997] Velocidad: [ 0.20590055, -2.8720183, 0.0 ]
[3.569997] Energia: -50.53796
------------------------------------
[3.589997] Position: [ 30.54895, -5.636728, 0.0 ]
[3.589997] Velocidad: [ 0.19094579, -2.8558142, 0.0 ]
[3.589997] Energia: -51.1495
------------------------------------
[3.609997] Position: [ 30.552698, -5.6937675, 0.0 ]
[3.609997] Velocidad: [ 0.1770772, -2.8407872, 0.0 ]
[3.609997] Energia: -51.753902
------------------------------------
[3.629997] Position: [ 30.556173, -5.7505126, 0.0 ]
[3.629997] Velocidad: [ 0.16421591, -2.8268516, 0.0 ]
[3.629997] Energia: -52.35174
------------------------------------
[3.649997] Position: [ 30.559397, -5.8069835, 0.0 ]
[3.649997] Velocidad: [ 0.15228873, -2.8139281, 0.0 ]
[3.649997] Energia: -52.94355
------------------------------------
[3.669997] Position: [ 30.562386, -5.8632007, 0.0 ]
[3.669997] Velocidad: [ 0.14122786, -2.8019433, 0.0 ]
[3.669997] Energia: -53.52981
------------------------------------
[3.689997] Position: [ 30.565157, -5.919183, 0.0 ]
[3.689997] Velocidad: [ 0.13097033, -2.790829, 0.0 ]
[3.689997] Energia: -54.11097
------------------------------------
[3.709997] Position: [ 30.567728, -5.974947, 0.0 ]
[3.709997] Velocidad: [ 0.12145782, -2.7805219, 0.0 ]
[3.709997] Energia: -54.687424
------------------------------------
[3.729997] Position: [ 30.570112, -6.030509, 0.0 ]
[3.729997] Velocidad: [ 0.11263622, -2.7709634, 0.0 ]
[3.729997] Energia: -55.259552
------------------------------------
[3.749997] Position: [ 30.572325, -6.085883, 0.0 ]
[3.749997] Velocidad: [ 0.10445534, -2.7620993, 0.0 ]
[3.749997] Energia: -55.827686
------------------------------------
[3.769997] Position: [ 30.574375, -6.1410832, 0.0 ]
[3.769997] Velocidad: [ 0.09686864, -2.7538788, 0.0 ]
[3.769997] Energia: -56.39214
------------------------------------
[3.7899969] Position: [ 30.576277, -6.196122, 0.0 ]
[3.7899969] Velocidad: [ 0.08983298, -2.7462554, 0.0 ]
[3.7899969] Energia: -56.953197
------------------------------------
[3.8099968] Position: [ 30.578041, -6.2510114, 0.0 ]
[3.8099968] Velocidad: [ 0.08330832, -2.7391856, 0.0 ]
[3.8099968] Energia: -57.51112
------------------------------------
[3.8299968] Position: [ 30.579678, -6.305762, 0.0 ]
[3.8299968] Velocidad: [ 0.07725755, -2.7326295, 0.0 ]
[3.8299968] Energia: -58.06615
------------------------------------
[3.8499968] Position: [ 30.581194, -6.360383, 0.0 ]
[3.8499968] Velocidad: [ 0.07164626, -2.7265496, 0.0 ]
[3.8499968] Energia: -58.618507
------------------------------------
[3.8699968] Position: [ 30.582602, -6.4148855, 0.0 ]
[3.8699968] Velocidad: [ 0.06644252, -2.7209113, 0.0 ]
[3.8699968] Energia: -59.168404
------------------------------------
[3.8899968] Position: [ 30.583904, -6.4692774, 0.0 ]
[3.8899968] Velocidad: [ 0.061616734, -2.7156825, 0.0 ]
[3.8899968] Energia: -59.71602
------------------------------------
[3.9099967] Position: [ 30.585114, -6.5235662, 0.0 ]
[3.9099967] Velocidad: [ 0.05714145, -2.7108333, 0.0 ]
[3.9099967] Energia: -60.261528
------------------------------------
[3.9299967] Position: [ 30.586237, -6.5777597, 0.0 ]
[3.9299967] Velocidad: [ 0.05299121, -2.7063365, 0.0 ]
[3.9299967] Energia: -60.805088
------------------------------------
[3.9499967] Position: [ 30.587278, -6.631865, 0.0 ]
[3.9499967] Velocidad: [ 0.049142405, -2.702166, 0.0 ]
[3.9499967] Energia: -61.34685
------------------------------------
[3.9799967] Position: [ 30.5887, -6.7128716, 0.0 ]
[3.9799967] Velocidad: [ 0.043886933, -2.6964717, 0.0 ]
[3.9799967] Energia: -62.15641
------------------------------------
[3.9999967] Position: [ 30.589561, -6.766783, 0.0 ]
[3.9999967] Velocidad: [ 0.04069938, -2.6930177, 0.0 ]
[3.9999967] Energia: -62.694244
------------------------------------
[4.0299973] Position: [ 30.590736, -6.8475256, 0.0 ]
[4.0299973] Velocidad: [ 0.03634684, -2.6883016, 0.0 ]
[4.0299973] Energia: -63.49845
------------------------------------
[4.049998] Position: [ 30.591452, -6.901277, 0.0 ]
[4.049998] Velocidad: [ 0.033706933, -2.685441, 0.0 ]
[4.049998] Energia: -64.03305
------------------------------------
[4.0699983] Position: [ 30.592113, -6.9549723, 0.0 ]
[4.0699983] Velocidad: [ 0.031258766, -2.6827884, 0.0 ]
[4.0699983] Energia: -64.56651
------------------------------------
[4.0899987] Position: [ 30.592728, -7.0086155, 0.0 ]
[4.0899987] Velocidad: [ 0.02898841, -2.6803284, 0.0 ]
[4.0899987] Energia: -65.09894
------------------------------------
[4.109999] Position: [ 30.593296, -7.0622106, 0.0 ]
[4.109999] Velocidad: [ 0.026882954, -2.6780472, 0.0 ]
[4.109999] Energia: -65.630394
------------------------------------
[4.1299996] Position: [ 30.593824, -7.115761, 0.0 ]
[4.1299996] Velocidad: [ 0.024930418, -2.6759317, 0.0 ]
[4.1299996] Energia: -66.16095
------------------------------------
[4.15] Position: [ 30.594315, -7.169269, 0.0 ]
[4.15] Velocidad: [ 0.023119697, -2.6739697, 0.0 ]
[4.15] Energia: -66.69068
------------------------------------
[4.1700006] Position: [ 30.594769, -7.222739, 0.0 ]
[4.1700006] Velocidad: [ 0.021440491, -2.6721501, 0.0 ]
[4.1700006] Energia: -67.219635
------------------------------------
[4.2000012] Position: [ 30.595387, -7.3028784, 0.0 ]
[4.2000012] Velocidad: [ 0.019147567, -2.6696658, 0.0 ]
[4.2000012] Energia: -68.011765
------------------------------------
[4.2100015] Position: [ 30.595577, -7.329575, 0.0 ]
[4.2100015] Velocidad: [ 0.018439107, -2.668898, 0.0 ]
[4.2100015] Energia: -68.27549
------------------------------------
[4.230002] Position: [ 30.59594, -7.3829455, 0.0 ]
[4.230002] Velocidad: [ 0.017099857, -2.6674469, 0.0 ]
[4.230002] Energia: -68.80246
------------------------------------
[4.2500024] Position: [ 30.596275, -7.4362874, 0.0 ]
[4.2500024] Velocidad: [ 0.01585788, -2.6661012, 0.0 ]
[4.2500024] Energia: -69.32887
------------------------------------
[4.270003] Position: [ 30.596586, -7.489603, 0.0 ]
[4.270003] Velocidad: [ 0.014706105, -2.664853, 0.0 ]
[4.270003] Energia: -69.85477
------------------------------------
[4.2900033] Position: [ 30.596874, -7.5428944, 0.0 ]
[4.2900033] Velocidad: [ 0.013637986, -2.6636958, 0.0 ]
[4.2900033] Energia: -70.38017
------------------------------------
[4.3100038] Position: [ 30.597143, -7.596163, 0.0 ]
[4.3100038] Velocidad: [ 0.012647445, -2.6626227, 0.0 ]
[4.3100038] Energia: -70.90513
------------------------------------
[4.330004] Position: [ 30.597391, -7.6494102, 0.0 ]
[4.330004] Velocidad: [ 0.011728849, -2.6616273, 0.0 ]
[4.330004] Energia: -71.42967
------------------------------------
[4.3500047] Position: [ 30.59762, -7.702638, 0.0 ]
[4.3500047] Velocidad: [ 0.010876971, -2.6607044, 0.0 ]
[4.3500047] Energia: -71.95382
------------------------------------
[4.370005] Position: [ 30.597834, -7.755848, 0.0 ]
[4.370005] Velocidad: [ 0.010086966, -2.6598485, 0.0 ]
[4.370005] Energia: -72.477615
------------------------------------
[4.3900056] Position: [ 30.598032, -7.809041, 0.0 ]
[4.3900056] Velocidad: [ 0.00935434, -2.6590548, 0.0 ]
[4.3900056] Energia: -73.001076
------------------------------------
[4.410006] Position: [ 30.598215, -7.8622184, 0.0 ]
[4.410006] Velocidad: [ 0.008674925, -2.6583185, 0.0 ]
[4.410006] Energia: -73.52424
------------------------------------
[4.4300065] Position: [ 30.598385, -7.9153814, 0.0 ]
[4.4300065] Velocidad: [ 0.008044857, -2.6576357, 0.0 ]
[4.4300065] Energia: -74.047104
------------------------------------
[4.450007] Position: [ 30.598543, -7.968531, 0.0 ]
[4.450007] Velocidad: [ 0.007460551, -2.6570024, 0.0 ]
[4.450007] Energia: -74.56971
------------------------------------
[4.4700074] Position: [ 30.59869, -8.021668, 0.0 ]
[4.4700074] Velocidad: [ 0.0069186836, -2.6564155, 0.0 ]
[4.4700074] Energia: -75.09207
------------------------------------
[4.490008] Position: [ 30.598825, -8.074795, 0.0 ]
[4.490008] Velocidad: [ 0.0064161727, -2.6558712, 0.0 ]
[4.490008] Energia: -75.61421
------------------------------------
[4.5100083] Position: [ 30.598951, -8.12791, 0.0 ]
[4.5100083] Velocidad: [ 0.00595016, -2.6553662, 0.0 ]
[4.5100083] Energia: -76.13613
------------------------------------
[4.530009] Position: [ 30.599068, -8.181015, 0.0 ]
[4.530009] Velocidad: [ 0.005517994, -2.6548977, 0.0 ]
[4.530009] Energia: -76.657875
------------------------------------
[4.5500093] Position: [ 30.599176, -8.234111, 0.0 ]
[4.5500093] Velocidad: [ 0.0051172166, -2.6544633, 0.0 ]
[4.5500093] Energia: -77.17941
------------------------------------
[4.5700097] Position: [ 30.599277, -8.287198, 0.0 ]
[4.5700097] Velocidad: [ 0.004745548, -2.6540606, 0.0 ]
[4.5700097] Energia: -77.70079
------------------------------------
[4.59001] Position: [ 30.599371, -8.340278, 0.0 ]
[4.59001] Velocidad: [ 0.004400874, -2.6536872, 0.0 ]
[4.59001] Energia: -78.222015
------------------------------------
[4.6100106] Position: [ 30.599457, -8.39335, 0.0 ]
[4.6100106] Velocidad: [ 0.004081234, -2.6533408, 0.0 ]
[4.6100106] Energia: -78.743095
------------------------------------
[4.620011] Position: [ 30.599497, -8.419883, 0.0 ]
[4.620011] Velocidad: [ 0.0039302283, -2.6531773, 0.0 ]
[4.620011] Energia: -79.003586
------------------------------------
[4.630011] Position: [ 30.599537, -8.446415, 0.0 ]
[4.630011] Velocidad: [ 0.00378481, -2.6530197, 0.0 ]
[4.630011] Energia: -79.264046
------------------------------------
[4.6500115] Position: [ 30.599611, -8.499474, 0.0 ]
[4.6500115] Velocidad: [ 0.0035099154, -2.652722, 0.0 ]
[4.6500115] Energia: -79.78487
------------------------------------
[4.680012] Position: [ 30.599712, -8.579051, 0.0 ]
[4.680012] Velocidad: [ 0.0031345524, -2.6523154, 0.0 ]
[4.680012] Energia: -80.56588
------------------------------------
[4.7000127] Position: [ 30.599773, -8.632096, 0.0 ]
[4.7000127] Velocidad: [ 0.0029068866, -2.6520686, 0.0 ]
[4.7000127] Energia: -81.08643
------------------------------------
[4.720013] Position: [ 30.59983, -8.685137, 0.0 ]
[4.720013] Velocidad: [ 0.0026957567, -2.6518397, 0.0 ]
[4.720013] Energia: -81.606895
------------------------------------
[4.7400136] Position: [ 30.599884, -8.738173, 0.0 ]
[4.7400136] Velocidad: [ 0.0024999613, -2.6516275, 0.0 ]
[4.7400136] Energia: -82.12726
------------------------------------
[4.760014] Position: [ 30.599934, -8.7912035, 0.0 ]
[4.760014] Velocidad: [ 0.0023183867, -2.6514308, 0.0 ]
[4.760014] Energia: -82.64754
------------------------------------
[4.7800145] Position: [ 30.59998, -8.844231, 0.0 ]
[4.7800145] Velocidad: [ 0.0021499998, -2.6512485, 0.0 ]
[4.7800145] Energia: -83.16774
------------------------------------
[4.7900147] Position: [ 30.6, -8.870743, 0.0 ]
[4.7900147] Velocidad: [ 0.0020704498, -2.6511621, 0.0 ]
[4.7900147] Energia: -83.42781
------------------------------------
[4.810015] Position: [ 30.60004, -8.923765, 0.0 ]
[4.810015] Velocidad: [ 0.001920071, -2.6509993, 0.0 ]
[4.810015] Energia: -83.94792
------------------------------------
[4.8300157] Position: [ 30.600079, -8.976785, 0.0 ]
[4.8300157] Velocidad: [ 0.0017806143, -2.6508482, 0.0 ]
[4.8300157] Energia: -84.467964
------------------------------------
[4.850016] Position: [ 30.600113, -9.0298, 0.0 ]
[4.850016] Velocidad: [ 0.0016512865, -2.6507082, 0.0 ]
[4.850016] Energia: -84.98794
------------------------------------
[4.8700166] Position: [ 30.600145, -9.082814, 0.0 ]
[4.8700166] Velocidad: [ 0.0015313519, -2.6505783, 0.0 ]
[4.8700166] Energia: -85.50787
------------------------------------
[4.890017] Position: [ 30.600176, -9.135825, 0.0 ]
[4.890017] Velocidad: [ 0.0014201283, -2.6504576, 0.0 ]
[4.890017] Energia: -86.027756
------------------------------------
[4.9200177] Position: [ 30.600216, -9.215337, 0.0 ]
[4.9200177] Velocidad: [ 0.0012682546, -2.650293, 0.0 ]
[4.9200177] Energia: -86.80749
------------------------------------
[4.940018] Position: [ 30.60024, -9.268342, 0.0 ]
[4.940018] Velocidad: [ 0.00117614, -2.6501935, 0.0 ]
[4.940018] Energia: -87.327255
------------------------------------
[4.9600186] Position: [ 30.600264, -9.321345, 0.0 ]
[4.9600186] Velocidad: [ 0.0010907158, -2.650101, 0.0 ]
[4.9600186] Energia: -87.846985
------------------------------------
[4.980019] Position: [ 30.600286, -9.374347, 0.0 ]
[4.980019] Velocidad: [ 0.001011496, -2.650015, 0.0 ]
[4.980019] Energia: -88.36668
------------------------------------
[5.0000196] Position: [ 30.600306, -9.427346, 0.0 ]
[5.0000196] Velocidad: [ 9.3802996E-4, -2.6499355, 0.0 ]
[5.0000196] Energia: -88.88634
------------------------------------
[5.02002] Position: [ 30.600325, -9.480345, 0.0 ]
[5.02002] Velocidad: [ 8.698999E-4, -2.6498616, 0.0 ]
[5.02002] Energia: -89.40597
------------------------------------
[5.0400205] Position: [ 30.600342, -9.533341, 0.0 ]
[5.0400205] Velocidad: [ 8.067182E-4, -2.6497931, 0.0 ]
[5.0400205] Energia: -89.925575
------------------------------------
[5.060021] Position: [ 30.600357, -9.586337, 0.0 ]
[5.060021] Velocidad: [ 7.481254E-4, -2.6497295, 0.0 ]
[5.060021] Energia: -90.44515
------------------------------------
[5.0800214] Position: [ 30.600372, -9.639331, 0.0 ]
[5.0800214] Velocidad: [ 6.9378834E-4, -2.6496706, 0.0 ]
[5.0800214] Energia: -90.9647
------------------------------------
[5.100022] Position: [ 30.600388, -9.692325, 0.0 ]
[5.100022] Velocidad: [ 6.433978E-4, -2.649616, 0.0 ]
[5.100022] Energia: -91.48424
------------------------------------
[5.1200223] Position: [ 30.600399, -9.7453165, 0.0 ]
[5.1200223] Velocidad: [ 5.966672E-4, -2.6495655, 0.0 ]
[5.1200223] Energia: -92.003746
------------------------------------
[5.1400228] Position: [ 30.60041, -9.798307, 0.0 ]
[5.1400228] Velocidad: [ 5.5333064E-4, -2.6495185, 0.0 ]
[5.1400228] Energia: -92.52324
------------------------------------
[5.160023] Position: [ 30.600422, -9.851297, 0.0 ]
[5.160023] Velocidad: [ 5.131417E-4, -2.6494749, 0.0 ]
[5.160023] Energia: -93.0427
------------------------------------
[5.1700234] Position: [ 30.600428, -9.877792, 0.0 ]
[5.1700234] Velocidad: [ 4.9415545E-4, -2.6494544, 0.0 ]
[5.1700234] Energia: -93.30244
------------------------------------
[5.190024] Position: [ 30.600437, -9.930781, 0.0 ]
[5.190024] Velocidad: [ 4.5826443E-4, -2.6494155, 0.0 ]
[5.190024] Energia: -93.82188
------------------------------------
[5.2100244] Position: [ 30.600445, -9.983769, 0.0 ]
[5.2100244] Velocidad: [ 4.2498024E-4, -2.6493795, 0.0 ]
[5.2100244] Energia: -94.34132
------------------------------------
[5.230025] Position: [ 30.600452, -10.036757, 0.0 ]
[5.230025] Velocidad: [ 3.941135E-4, -2.649346, 0.0 ]
[5.230025] Energia: -94.86074
------------------------------------
[5.2500253] Position: [ 30.60046, -10.089744, 0.0 ]
[5.2500253] Velocidad: [ 3.6548864E-4, -2.649315, 0.0 ]
[5.2500253] Energia: -95.380135
------------------------------------
[5.280026] Position: [ 30.600471, -10.169223, 0.0 ]
[5.280026] Velocidad: [ 3.2640196E-4, -2.6492727, 0.0 ]
[5.280026] Energia: -96.159225
------------------------------------
[5.3000264] Position: [ 30.60048, -10.222208, 0.0 ]
[5.3000264] Velocidad: [ 3.0269506E-4, -2.649247, 0.0 ]
[5.3000264] Energia: -96.678604
------------------------------------
[5.320027] Position: [ 30.600487, -10.275192, 0.0 ]
[5.320027] Velocidad: [ 2.8071002E-4, -2.649223, 0.0 ]
[5.320027] Energia: -97.19796
------------------------------------
[5.3400273] Position: [ 30.60049, -10.3281765, 0.0 ]
[5.3400273] Velocidad: [ 2.6032177E-4, -2.6492012, 0.0 ]
[5.3400273] Energia: -97.71732
------------------------------------
[5.360028] Position: [ 30.600494, -10.381161, 0.0 ]
[5.360028] Velocidad: [ 2.4141434E-4, -2.6491807, 0.0 ]
[5.360028] Energia: -98.23667
------------------------------------
[5.3800282] Position: [ 30.600498, -10.434145, 0.0 ]
[5.3800282] Velocidad: [ 2.2388017E-4, -2.6491616, 0.0 ]
[5.3800282] Energia: -98.75603
------------------------------------
[5.4000287] Position: [ 30.600502, -10.487127, 0.0 ]
[5.4000287] Velocidad: [ 2.0761954E-4, -2.649144, 0.0 ]
[5.4000287] Energia: -99.27535
------------------------------------
[5.420029] Position: [ 30.600506, -10.54011, 0.0 ]
[5.420029] Velocidad: [ 1.9253993E-4, -2.6491275, 0.0 ]
[5.420029] Energia: -99.79467
------------------------------------
[5.4400296] Position: [ 30.60051, -10.593092, 0.0 ]
[5.4400296] Velocidad: [ 1.7855557E-4, -2.6491125, 0.0 ]
[5.4400296] Energia: -100.313995
------------------------------------
[5.46003] Position: [ 30.600513, -10.646074, 0.0 ]
[5.46003] Velocidad: [ 1.655869E-4, -2.6490984, 0.0 ]
[5.46003] Energia: -100.83331
------------------------------------
[5.4800305] Position: [ 30.600517, -10.699057, 0.0 ]
[5.4800305] Velocidad: [ 1.5356015E-4, -2.6490853, 0.0 ]
[5.4800305] Energia: -101.35262
------------------------------------
[5.510031] Position: [ 30.600523, -10.77853, 0.0 ]
[5.510031] Velocidad: [ 1.3713786E-4, -2.6490674, 0.0 ]
[5.510031] Energia: -102.13159
------------------------------------
[5.5300317] Position: [ 30.600527, -10.831511, 0.0 ]
[5.5300317] Velocidad: [ 1.271774E-4, -2.6490567, 0.0 ]
[5.5300317] Energia: -102.65088
------------------------------------
[5.550032] Position: [ 30.60053, -10.884491, 0.0 ]
[5.550032] Velocidad: [ 1.1794037E-4, -2.6490467, 0.0 ]
[5.550032] Energia: -103.170166
------------------------------------
[5.5700326] Position: [ 30.600534, -10.937471, 0.0 ]
[5.5700326] Velocidad: [ 1.0937425E-4, -2.6490374, 0.0 ]
[5.5700326] Energia: -103.68945
------------------------------------
[5.590033] Position: [ 30.600538, -10.990452, 0.0 ]
[5.590033] Velocidad: [ 1.0143029E-4, -2.6490288, 0.0 ]
[5.590033] Energia: -104.20874
------------------------------------
[5.6200337] Position: [ 30.600542, -11.069922, 0.0 ]
[5.6200337] Velocidad: [ 9.0582966E-5, -2.649017, 0.0 ]
[5.6200337] Energia: -104.98766
------------------------------------
[5.640034] Position: [ 30.600542, -11.122903, 0.0 ]
[5.640034] Velocidad: [ 8.4003834E-5, -2.64901, 0.0 ]
[5.640034] Energia: -105.506935
------------------------------------
[5.670035] Position: [ 30.600542, -11.2023735, 0.0 ]
[5.670035] Velocidad: [ 7.502016E-5, -2.6490002, 0.0 ]
[5.670035] Energia: -106.28586
------------------------------------
[5.6900353] Position: [ 30.600542, -11.255354, 0.0 ]
[5.6900353] Velocidad: [ 6.957137E-5, -2.6489942, 0.0 ]
[5.6900353] Energia: -106.80514
------------------------------------
[5.710036] Position: [ 30.600542, -11.308334, 0.0 ]
[5.710036] Velocidad: [ 6.451833E-5, -2.6489887, 0.0 ]
[5.710036] Energia: -107.32441
------------------------------------
[5.7300363] Position: [ 30.600542, -11.361315, 0.0 ]
[5.7300363] Velocidad: [ 5.9832302E-5, -2.6489837, 0.0 ]
[5.7300363] Energia: -107.84368
------------------------------------
[5.7500367] Position: [ 30.600542, -11.414295, 0.0 ]
[5.7500367] Velocidad: [ 5.5486624E-5, -2.648979, 0.0 ]
[5.7500367] Energia: -108.36296
------------------------------------
[5.770037] Position: [ 30.600542, -11.467276, 0.0 ]
[5.770037] Velocidad: [ 5.1456573E-5, -2.6489747, 0.0 ]
[5.770037] Energia: -108.88223
------------------------------------
[5.7900376] Position: [ 30.600542, -11.520255, 0.0 ]
[5.7900376] Velocidad: [ 4.771923E-5, -2.6489706, 0.0 ]
[5.7900376] Energia: -109.4015
------------------------------------
[5.810038] Position: [ 30.600542, -11.573234, 0.0 ]
[5.810038] Velocidad: [ 4.4253335E-5, -2.6489668, 0.0 ]
[5.810038] Energia: -109.920746
------------------------------------
[5.8300385] Position: [ 30.600542, -11.626212, 0.0 ]
[5.8300385] Velocidad: [ 4.103917E-5, -2.6489635, 0.0 ]
[5.8300385] Energia: -110.439995
------------------------------------
[5.850039] Position: [ 30.600542, -11.679191, 0.0 ]
[5.850039] Velocidad: [ 3.8058453E-5, -2.64896, 0.0 ]
[5.850039] Energia: -110.95925
------------------------------------
[5.8700395] Position: [ 30.600542, -11.732169, 0.0 ]
[5.8700395] Velocidad: [ 3.529423E-5, -2.6489573, 0.0 ]
[5.8700395] Energia: -111.4785
------------------------------------
[5.89004] Position: [ 30.600542, -11.785148, 0.0 ]
[5.89004] Velocidad: [ 3.2730775E-5, -2.6489544, 0.0 ]
[5.89004] Energia: -111.99775
------------------------------------
[5.9100404] Position: [ 30.600542, -11.838126, 0.0 ]
[5.9100404] Velocidad: [ 3.0353505E-5, -2.6489518, 0.0 ]
[5.9100404] Energia: -112.51699
------------------------------------
[5.930041] Position: [ 30.600542, -11.891105, 0.0 ]
[5.930041] Velocidad: [ 2.81489E-5, -2.6489494, 0.0 ]
[5.930041] Energia: -113.03625
------------------------------------
[5.9500413] Position: [ 30.600542, -11.944083, 0.0 ]
[5.9500413] Velocidad: [ 2.6104417E-5, -2.648947, 0.0 ]
[5.9500413] Energia: -113.5555
------------------------------------
[5.980042] Position: [ 30.600542, -12.023551, 0.0 ]
[5.980042] Velocidad: [ 2.3312716E-5, -2.6489441, 0.0 ]
[5.980042] Energia: -114.334366
------------------------------------
[6.0000424] Position: [ 30.600542, -12.0765295, 0.0 ]
[6.0000424] Velocidad: [ 2.161949E-5, -2.6489422, 0.0 ]
[6.0000424] Energia: -114.853615
------------------------------------
[6.020043] Position: [ 30.600542, -12.129508, 0.0 ]
[6.020043] Velocidad: [ 2.0049245E-5, -2.6489406, 0.0 ]
[6.020043] Energia: -115.372856
------------------------------------
[6.0400434] Position: [ 30.600542, -12.182487, 0.0 ]
[6.0400434] Velocidad: [ 1.8593048E-5, -2.6489391, 0.0 ]
[6.0400434] Energia: -115.892105
------------------------------------
[6.060044] Position: [ 30.600542, -12.235465, 0.0 ]
[6.060044] Velocidad: [ 1.7242615E-5, -2.6489377, 0.0 ]
[6.060044] Energia: -116.411354
------------------------------------
[6.0900445] Position: [ 30.600542, -12.314933, 0.0 ]
[6.0900445] Velocidad: [ 1.539863E-5, -2.6489356, 0.0 ]
[6.0900445] Energia: -117.19022
------------------------------------
[6.110045] Position: [ 30.600542, -12.367911, 0.0 ]
[6.110045] Velocidad: [ 1.4280212E-5, -2.6489344, 0.0 ]
[6.110045] Energia: -117.70947
------------------------------------
[6.1300454] Position: [ 30.600542, -12.42089, 0.0 ]
[6.1300454] Velocidad: [ 1.3243025E-5, -2.6489334, 0.0 ]
[6.1300454] Energia: -118.228714
------------------------------------
[6.150046] Position: [ 30.600542, -12.473868, 0.0 ]
[6.150046] Velocidad: [ 1.2281171E-5, -2.6489325, 0.0 ]
[6.150046] Energia: -118.747955
------------------------------------
[6.1700463] Position: [ 30.600542, -12.526847, 0.0 ]
[6.1700463] Velocidad: [ 1.13891765E-5, -2.6489315, 0.0 ]
[6.1700463] Energia: -119.2672
------------------------------------
[6.190047] Position: [ 30.600542, -12.579825, 0.0 ]
[6.190047] Velocidad: [ 1.0561969E-5, -2.6489305, 0.0 ]
[6.190047] Energia: -119.786446
------------------------------------
[6.200047] Position: [ 30.600542, -12.606315, 0.0 ]
[6.200047] Velocidad: [ 1.0171177E-5, -2.64893, 0.0 ]
[6.200047] Energia: -120.046074
------------------------------------
[6.2200475] Position: [ 30.600542, -12.659293, 0.0 ]
[6.2200475] Velocidad: [ 9.432434E-6, -2.648929, 0.0 ]
[6.2200475] Energia: -120.565315
------------------------------------
[6.240048] Position: [ 30.600542, -12.712272, 0.0 ]
[6.240048] Velocidad: [ 8.747346E-6, -2.6489282, 0.0 ]
[6.240048] Energia: -121.084564
------------------------------------
[6.2600484] Position: [ 30.600542, -12.76525, 0.0 ]
[6.2600484] Velocidad: [ 8.112018E-6, -2.6489277, 0.0 ]
[6.2600484] Energia: -121.603806
------------------------------------
[6.280049] Position: [ 30.600542, -12.818229, 0.0 ]
[6.280049] Velocidad: [ 7.5228336E-6, -2.6489272, 0.0 ]
[6.280049] Energia: -122.12305
------------------------------------
[6.3000493] Position: [ 30.600542, -12.871207, 0.0 ]
[6.3000493] Velocidad: [ 6.9764424E-6, -2.6489267, 0.0 ]
[6.3000493] Energia: -122.64229
------------------------------------
[6.32005] Position: [ 30.600542, -12.924186, 0.0 ]
[6.32005] Velocidad: [ 6.4697365E-6, -2.6489263, 0.0 ]
[6.32005] Energia: -123.16153
------------------------------------
[6.34005] Position: [ 30.600542, -12.977164, 0.0 ]
[6.34005] Velocidad: [ 5.999833E-6, -2.6489258, 0.0 ]
[6.34005] Energia: -123.680786
------------------------------------
[6.3600507] Position: [ 30.600542, -13.030143, 0.0 ]
[6.3600507] Velocidad: [ 5.564059E-6, -2.6489253, 0.0 ]
[6.3600507] Energia: -124.20003
------------------------------------
[6.370051] Position: [ 30.600542, -13.056632, 0.0 ]
[6.370051] Velocidad: [ 5.358189E-6, -2.648925, 0.0 ]
[6.370051] Energia: -124.45965
------------------------------------
[6.3900514] Position: [ 30.600542, -13.109611, 0.0 ]
[6.3900514] Velocidad: [ 4.9690184E-6, -2.6489246, 0.0 ]
[6.3900514] Energia: -124.97889
------------------------------------
[6.410052] Position: [ 30.600542, -13.162589, 0.0 ]
[6.410052] Velocidad: [ 4.6081136E-6, -2.648924, 0.0 ]
[6.410052] Energia: -125.49813
------------------------------------
[6.4300523] Position: [ 30.600542, -13.215568, 0.0 ]
[6.4300523] Velocidad: [ 4.273422E-6, -2.6489236, 0.0 ]
[6.4300523] Energia: -126.01737
------------------------------------
[6.4500527] Position: [ 30.600542, -13.268546, 0.0 ]
[6.4500527] Velocidad: [ 3.963039E-6, -2.6489232, 0.0 ]
[6.4500527] Energia: -126.53661
------------------------------------
[6.470053] Position: [ 30.600542, -13.321525, 0.0 ]
[6.470053] Velocidad: [ 3.6751997E-6, -2.6489227, 0.0 ]
[6.470053] Energia: -127.05586
------------------------------------
[6.4900537] Position: [ 30.600542, -13.374503, 0.0 ]
[6.4900537] Velocidad: [ 3.4082661E-6, -2.6489222, 0.0 ]
[6.4900537] Energia: -127.5751
------------------------------------
[6.510054] Position: [ 30.600542, -13.427482, 0.0 ]
[6.510054] Velocidad: [ 3.1607206E-6, -2.648922, 0.0 ]
[6.510054] Energia: -128.09435
------------------------------------
[6.5300546] Position: [ 30.600542, -13.48046, 0.0 ]
[6.5300546] Velocidad: [ 2.9311543E-6, -2.648922, 0.0 ]
[6.5300546] Energia: -128.61359
------------------------------------
[6.550055] Position: [ 30.600542, -13.533439, 0.0 ]
[6.550055] Velocidad: [ 2.7182616E-6, -2.648922, 0.0 ]
[6.550055] Energia: -129.13283
------------------------------------
[6.5700555] Position: [ 30.600542, -13.586417, 0.0 ]
[6.5700555] Velocidad: [ 2.5208317E-6, -2.648922, 0.0 ]
[6.5700555] Energia: -129.65208
------------------------------------
[6.590056] Position: [ 30.600542, -13.639396, 0.0 ]
[6.590056] Velocidad: [ 2.3377413E-6, -2.648922, 0.0 ]
[6.590056] Energia: -130.17133
------------------------------------
[6.6100564] Position: [ 30.600542, -13.692374, 0.0 ]
[6.6100564] Velocidad: [ 2.1679489E-6, -2.648922, 0.0 ]
[6.6100564] Energia: -130.69057
------------------------------------
[6.630057] Position: [ 30.600542, -13.745353, 0.0 ]
[6.630057] Velocidad: [ 2.0104887E-6, -2.648922, 0.0 ]
[6.630057] Energia: -131.20981
------------------------------------
[6.6500573] Position: [ 30.600542, -13.798331, 0.0 ]
[6.6500573] Velocidad: [ 1.864465E-6, -2.648922, 0.0 ]
[6.6500573] Energia: -131.72905
------------------------------------
[6.670058] Position: [ 30.600542, -13.85131, 0.0 ]
[6.670058] Velocidad: [ 1.7290471E-6, -2.648922, 0.0 ]
[6.670058] Energia: -132.24829
------------------------------------
[6.690058] Position: [ 30.600542, -13.904288, 0.0 ]
[6.690058] Velocidad: [ 1.6034646E-6, -2.648922, 0.0 ]
[6.690058] Energia: -132.76753
------------------------------------
[6.7100587] Position: [ 30.600542, -13.957267, 0.0 ]
[6.7100587] Velocidad: [ 1.4870034E-6, -2.648922, 0.0 ]
[6.7100587] Energia: -133.28677
------------------------------------
[6.730059] Position: [ 30.600542, -14.010245, 0.0 ]
[6.730059] Velocidad: [ 1.3790009E-6, -2.648922, 0.0 ]
[6.730059] Energia: -133.80602
------------------------------------
[6.7500596] Position: [ 30.600542, -14.063224, 0.0 ]
[6.7500596] Velocidad: [ 1.2788427E-6, -2.648922, 0.0 ]
[6.7500596] Energia: -134.32526
------------------------------------
[6.77006] Position: [ 30.600542, -14.116202, 0.0 ]
[6.77006] Velocidad: [ 1.185959E-6, -2.648922, 0.0 ]
[6.77006] Energia: -134.8445
------------------------------------
[6.7900605] Position: [ 30.600542, -14.169181, 0.0 ]
[6.7900605] Velocidad: [ 1.0998216E-6, -2.648922, 0.0 ]
[6.7900605] Energia: -135.36374
------------------------------------
[6.810061] Position: [ 30.600542, -14.222159, 0.0 ]
[6.810061] Velocidad: [ 1.0199404E-6, -2.648922, 0.0 ]
[6.810061] Energia: -135.88298
------------------------------------
[6.8300614] Position: [ 30.600542, -14.275138, 0.0 ]
[6.8300614] Velocidad: [ 9.458612E-7, -2.648922, 0.0 ]
[6.8300614] Energia: -136.40222
------------------------------------
[6.850062] Position: [ 30.600542, -14.328116, 0.0 ]
[6.850062] Velocidad: [ 8.771624E-7, -2.648922, 0.0 ]
[6.850062] Energia: -136.92148
------------------------------------
[6.8700624] Position: [ 30.600542, -14.381095, 0.0 ]
[6.8700624] Velocidad: [ 8.1345325E-7, -2.648922, 0.0 ]
[6.8700624] Energia: -137.44072
------------------------------------
[6.890063] Position: [ 30.600542, -14.434073, 0.0 ]
[6.890063] Velocidad: [ 7.543713E-7, -2.648922, 0.0 ]
[6.890063] Energia: -137.95996
------------------------------------
[6.9100633] Position: [ 30.600542, -14.487052, 0.0 ]
[6.9100633] Velocidad: [ 6.995806E-7, -2.648922, 0.0 ]
[6.9100633] Energia: -138.4792
------------------------------------
[6.9300637] Position: [ 30.600542, -14.5400305, 0.0 ]
[6.9300637] Velocidad: [ 6.4876934E-7, -2.648922, 0.0 ]
[6.9300637] Energia: -138.99844
------------------------------------
[6.950064] Position: [ 30.600542, -14.593009, 0.0 ]
[6.950064] Velocidad: [ 6.016486E-7, -2.648922, 0.0 ]
[6.950064] Energia: -139.51768
------------------------------------
[6.9700646] Position: [ 30.600542, -14.6459875, 0.0 ]
[6.9700646] Velocidad: [ 5.579502E-7, -2.648922, 0.0 ]
[6.9700646] Energia: -140.03693
------------------------------------
[6.990065] Position: [ 30.600542, -14.698966, 0.0 ]
[6.990065] Velocidad: [ 5.1742575E-7, -2.648922, 0.0 ]
[6.990065] Energia: -140.55617
------------------------------------
[7.0100656] Position: [ 30.600542, -14.751945, 0.0 ]
[7.0100656] Velocidad: [ 4.7984463E-7, -2.648922, 0.0 ]
[7.0100656] Energia: -141.07541
------------------------------------
[7.030066] Position: [ 30.600542, -14.804923, 0.0 ]
[7.030066] Velocidad: [ 4.4499305E-7, -2.648922, 0.0 ]
[7.030066] Energia: -141.59465
------------------------------------
[7.0500665] Position: [ 30.600542, -14.857902, 0.0 ]
[7.0500665] Velocidad: [ 4.1267276E-7, -2.648922, 0.0 ]
[7.0500665] Energia: -142.11389
------------------------------------
[7.070067] Position: [ 30.600542, -14.91088, 0.0 ]
[7.070067] Velocidad: [ 3.8269994E-7, -2.648922, 0.0 ]
[7.070067] Energia: -142.63313
------------------------------------
[7.0900674] Position: [ 30.600542, -14.963859, 0.0 ]
[7.0900674] Velocidad: [ 3.5490407E-7, -2.648922, 0.0 ]
[7.0900674] Energia: -143.15237
------------------------------------
[7.110068] Position: [ 30.600542, -15.016837, 0.0 ]
[7.110068] Velocidad: [ 3.2912703E-7, -2.648922, 0.0 ]
[7.110068] Energia: -143.67162
------------------------------------
[7.1300683] Position: [ 30.600542, -15.069816, 0.0 ]
[7.1300683] Velocidad: [ 3.052222E-7, -2.648922, 0.0 ]
[7.1300683] Energia: -144.19087
------------------------------------
[7.1500688] Position: [ 30.600542, -15.122794, 0.0 ]
[7.1500688] Velocidad: [ 2.830536E-7, -2.648922, 0.0 ]
[7.1500688] Energia: -144.71011
------------------------------------
[7.170069] Position: [ 30.600542, -15.175773, 0.0 ]
[7.170069] Velocidad: [ 2.6249515E-7, -2.648922, 0.0 ]
[7.170069] Energia: -145.22935
------------------------------------
[7.1900697] Position: [ 30.600542, -15.228751, 0.0 ]
[7.1900697] Velocidad: [ 2.4342987E-7, -2.648922, 0.0 ]
[7.1900697] Energia: -145.7486
------------------------------------
[7.21007] Position: [ 30.600542, -15.28173, 0.0 ]
[7.21007] Velocidad: [ 2.257493E-7, -2.648922, 0.0 ]
[7.21007] Energia: -146.26784
------------------------------------
[7.2300706] Position: [ 30.600542, -15.334708, 0.0 ]
[7.2300706] Velocidad: [ 2.093529E-7, -2.648922, 0.0 ]
[7.2300706] Energia: -146.78708
------------------------------------
[7.250071] Position: [ 30.600542, -15.387687, 0.0 ]
[7.250071] Velocidad: [ 1.941474E-7, -2.648922, 0.0 ]
[7.250071] Energia: -147.30632
------------------------------------
[7.2700715] Position: [ 30.600542, -15.440665, 0.0 ]
[7.2700715] Velocidad: [ 1.8004629E-7, -2.648922, 0.0 ]
[7.2700715] Energia: -147.82556
------------------------------------
[7.290072] Position: [ 30.600542, -15.493644, 0.0 ]
[7.290072] Velocidad: [ 1.6696934E-7, -2.648922, 0.0 ]
[7.290072] Energia: -148.3448
------------------------------------
[7.3100724] Position: [ 30.600542, -15.546622, 0.0 ]
[7.3100724] Velocidad: [ 1.5484218E-7, -2.648922, 0.0 ]
[7.3100724] Energia: -148.86404
------------------------------------
[7.330073] Position: [ 30.600542, -15.599601, 0.0 ]
[7.330073] Velocidad: [ 1.4359584E-7, -2.648922, 0.0 ]
[7.330073] Energia: -149.38329
------------------------------------
[7.3500733] Position: [ 30.600542, -15.652579, 0.0 ]
[7.3500733] Velocidad: [ 1.3316634E-7, -2.648922, 0.0 ]
[7.3500733] Energia: -149.90253
------------------------------------
[7.370074] Position: [ 30.600542, -15.705558, 0.0 ]
[7.370074] Velocidad: [ 1.2349433E-7, -2.648922, 0.0 ]
[7.370074] Energia: -150.42177
------------------------------------
[7.3900743] Position: [ 30.600542, -15.758536, 0.0 ]
[7.3900743] Velocidad: [ 1.14524816E-7, -2.648922, 0.0 ]
[7.3900743] Energia: -150.94101
------------------------------------
[7.4100747] Position: [ 30.600542, -15.811515, 0.0 ]
[7.4100747] Velocidad: [ 1.0620676E-7, -2.648922, 0.0 ]
[7.4100747] Energia: -151.46027
------------------------------------
[7.430075] Position: [ 30.600542, -15.864493, 0.0 ]
[7.430075] Velocidad: [ 9.849286E-8, -2.648922, 0.0 ]
[7.430075] Energia: -151.9795
------------------------------------
[7.4500756] Position: [ 30.600542, -15.917472, 0.0 ]
[7.4500756] Velocidad: [ 9.1339224E-8, -2.648922, 0.0 ]
[7.4500756] Energia: -152.49875
------------------------------------
[7.470076] Position: [ 30.600542, -15.97045, 0.0 ]
[7.470076] Velocidad: [ 8.4705164E-8, -2.648922, 0.0 ]
[7.470076] Energia: -153.01799
------------------------------------
[7.4900765] Position: [ 30.600542, -16.023428, 0.0 ]
[7.4900765] Velocidad: [ 7.8552944E-8, -2.648922, 0.0 ]
[7.4900765] Energia: -153.53722
------------------------------------
[7.510077] Position: [ 30.600542, -16.076406, 0.0 ]
[7.510077] Velocidad: [ 7.284756E-8, -2.648922, 0.0 ]
[7.510077] Energia: -154.05646
------------------------------------
[7.5300775] Position: [ 30.600542, -16.129385, 0.0 ]
[7.5300775] Velocidad: [ 6.755657E-8, -2.648922, 0.0 ]
[7.5300775] Energia: -154.5757
------------------------------------
[7.550078] Position: [ 30.600542, -16.182364, 0.0 ]
[7.550078] Velocidad: [ 6.2649875E-8, -2.648922, 0.0 ]
[7.550078] Energia: -155.09494
------------------------------------
[7.5700784] Position: [ 30.600542, -16.235342, 0.0 ]
[7.5700784] Velocidad: [ 5.8099552E-8, -2.648922, 0.0 ]
[7.5700784] Energia: -155.61418
------------------------------------
[7.590079] Position: [ 30.600542, -16.28832, 0.0 ]
[7.590079] Velocidad: [ 5.3879724E-8, -2.648922, 0.0 ]
[7.590079] Energia: -156.13344
------------------------------------
[7.6100793] Position: [ 30.600542, -16.3413, 0.0 ]
[7.6100793] Velocidad: [ 4.996639E-8, -2.648922, 0.0 ]
[7.6100793] Energia: -156.65268
------------------------------------
[7.6200795] Position: [ 30.600542, -16.367788, 0.0 ]
[7.6200795] Velocidad: [ 4.811763E-8, -2.648922, 0.0 ]
[7.6200795] Energia: -156.9123
------------------------------------
[7.64008] Position: [ 30.600542, -16.420767, 0.0 ]
[7.64008] Velocidad: [ 4.4622798E-8, -2.648922, 0.0 ]
[7.64008] Energia: -157.43153
------------------------------------
[7.6700807] Position: [ 30.600542, -16.500235, 0.0 ]
[7.6700807] Velocidad: [ 3.9850672E-8, -2.648922, 0.0 ]
[7.6700807] Energia: -158.2104
------------------------------------
[7.690081] Position: [ 30.600542, -16.553213, 0.0 ]
[7.690081] Velocidad: [ 3.6956276E-8, -2.648922, 0.0 ]
[7.690081] Energia: -158.72964
------------------------------------
[7.7100816] Position: [ 30.600542, -16.606192, 0.0 ]
[7.7100816] Velocidad: [ 3.4272105E-8, -2.648922, 0.0 ]
[7.7100816] Energia: -159.24889
------------------------------------
[7.730082] Position: [ 30.600542, -16.65917, 0.0 ]
[7.730082] Velocidad: [ 3.178289E-8, -2.648922, 0.0 ]
[7.730082] Energia: -159.76813
------------------------------------
[7.7600827] Position: [ 30.600542, -16.738638, 0.0 ]
[7.7600827] Velocidad: [ 2.8383912E-8, -2.648922, 0.0 ]
[7.7600827] Energia: -160.547
------------------------------------
[7.780083] Position: [ 30.600542, -16.791616, 0.0 ]
[7.780083] Velocidad: [ 2.632236E-8, -2.648922, 0.0 ]
[7.780083] Energia: -161.06624
------------------------------------
[7.8000836] Position: [ 30.600542, -16.844595, 0.0 ]
[7.8000836] Velocidad: [ 2.4410541E-8, -2.648922, 0.0 ]
[7.8000836] Energia: -161.58548
------------------------------------
[7.820084] Position: [ 30.600542, -16.897573, 0.0 ]
[7.820084] Velocidad: [ 2.2637579E-8, -2.648922, 0.0 ]
[7.820084] Energia: -162.10472
------------------------------------
[7.8300843] Position: [ 30.600542, -16.924063, 0.0 ]
[7.8300843] Velocidad: [ 2.179999E-8, -2.648922, 0.0 ]
[7.8300843] Energia: -162.36433
------------------------------------
[7.850085] Position: [ 30.600542, -16.977041, 0.0 ]
[7.850085] Velocidad: [ 2.0216635E-8, -2.648922, 0.0 ]
[7.850085] Energia: -162.88358
------------------------------------
[7.8700852] Position: [ 30.600542, -17.03002, 0.0 ]
[7.8700852] Velocidad: [ 1.8748281E-8, -2.648922, 0.0 ]
[7.8700852] Energia: -163.40283
------------------------------------
[7.8900857] Position: [ 30.600542, -17.082998, 0.0 ]
[7.8900857] Velocidad: [ 1.7386574E-8, -2.648922, 0.0 ]
[7.8900857] Energia: -163.92207
------------------------------------
[7.910086] Position: [ 30.600542, -17.135977, 0.0 ]
[7.910086] Velocidad: [ 1.612377E-8, -2.648922, 0.0 ]
[7.910086] Energia: -164.44131
------------------------------------
[7.9300866] Position: [ 30.600542, -17.188955, 0.0 ]
[7.9300866] Velocidad: [ 1.4952686E-8, -2.648922, 0.0 ]
[7.9300866] Energia: -164.96056
------------------------------------
[7.950087] Position: [ 30.600542, -17.241934, 0.0 ]
[7.950087] Velocidad: [ 1.3866658E-8, -2.648922, 0.0 ]
[7.950087] Energia: -165.4798
------------------------------------
[7.9800878] Position: [ 30.600542, -17.321402, 0.0 ]
[7.9800878] Velocidad: [ 1.2383707E-8, -2.648922, 0.0 ]
[7.9800878] Energia: -166.25865
------------------------------------
[8.000088] Position: [ 30.600542, -17.37438, 0.0 ]
[8.000088] Velocidad: [ 1.1484267E-8, -2.648922, 0.0 ]
[8.000088] Energia: -166.77791
------------------------------------
[8.020088] Position: [ 30.600542, -17.427359, 0.0 ]
[8.020088] Velocidad: [ 1.0650153E-8, -2.648922, 0.0 ]
[8.020088] Energia: -167.29715
------------------------------------
[8.040089] Position: [ 30.600542, -17.480337, 0.0 ]
[8.040089] Velocidad: [ 9.876621E-9, -2.648922, 0.0 ]
[8.040089] Energia: -167.81639
------------------------------------
[8.060089] Position: [ 30.600542, -17.533316, 0.0 ]
[8.060089] Velocidad: [ 9.1592725E-9, -2.648922, 0.0 ]
[8.060089] Energia: -168.33563
------------------------------------
[8.08009] Position: [ 30.600542, -17.586294, 0.0 ]
[8.08009] Velocidad: [ 8.494025E-9, -2.648922, 0.0 ]
[8.08009] Energia: -168.85487
------------------------------------
[8.10009] Position: [ 30.600542, -17.639273, 0.0 ]
[8.10009] Velocidad: [ 7.877095E-9, -2.648922, 0.0 ]
[8.10009] Energia: -169.37411
------------------------------------
[8.1200905] Position: [ 30.600542, -17.692251, 0.0 ]
[8.1200905] Velocidad: [ 7.3049744E-9, -2.648922, 0.0 ]
[8.1200905] Energia: -169.89336
------------------------------------
[8.140091] Position: [ 30.600542, -17.74523, 0.0 ]
[8.140091] Velocidad: [ 6.774407E-9, -2.648922, 0.0 ]
[8.140091] Energia: -170.4126
------------------------------------
[8.160091] Position: [ 30.600542, -17.798208, 0.0 ]
[8.160091] Velocidad: [ 6.282375E-9, -2.648922, 0.0 ]
[8.160091] Energia: -170.93184
------------------------------------
[8.180092] Position: [ 30.600542, -17.851187, 0.0 ]
[8.180092] Velocidad: [ 5.82608E-9, -2.648922, 0.0 ]
[8.180092] Energia: -171.45108
------------------------------------
[8.200092] Position: [ 30.600542, -17.904165, 0.0 ]
[8.200092] Velocidad: [ 5.402926E-9, -2.648922, 0.0 ]
[8.200092] Energia: -171.97032
------------------------------------
[8.220093] Position: [ 30.600542, -17.957144, 0.0 ]
[8.220093] Velocidad: [ 5.0105062E-9, -2.648922, 0.0 ]
[8.220093] Energia: -172.48956
------------------------------------
[8.240093] Position: [ 30.600542, -18.010122, 0.0 ]
[8.240093] Velocidad: [ 4.6465884E-9, -2.648922, 0.0 ]
[8.240093] Energia: -173.0088
------------------------------------
[8.260094] Position: [ 30.600542, -18.0631, 0.0 ]
[8.260094] Velocidad: [ 4.309102E-9, -2.648922, 0.0 ]
[8.260094] Energia: -173.52805
------------------------------------
[8.280094] Position: [ 30.600542, -18.11608, 0.0 ]
[8.280094] Velocidad: [ 3.9961274E-9, -2.648922, 0.0 ]
[8.280094] Energia: -174.0473
------------------------------------
[8.300095] Position: [ 30.600542, -18.169058, 0.0 ]
[8.300095] Velocidad: [ 3.7058845E-9, -2.648922, 0.0 ]
[8.300095] Energia: -174.56654
------------------------------------
[8.310095] Position: [ 30.600542, -18.195547, 0.0 ]
[8.310095] Velocidad: [ 3.5687668E-9, -2.648922, 0.0 ]
[8.310095] Energia: -174.82616
------------------------------------
[8.330095] Position: [ 30.600542, -18.248526, 0.0 ]
[8.330095] Velocidad: [ 3.3095637E-9, -2.648922, 0.0 ]
[8.330095] Energia: -175.3454
------------------------------------
[8.350096] Position: [ 30.600542, -18.301504, 0.0 ]
[8.350096] Velocidad: [ 3.069187E-9, -2.648922, 0.0 ]
[8.350096] Energia: -175.86464
------------------------------------
[8.37009